////////////////////////////////////////////////////////////
////////////推箱子关卡文件
////////////written by forjane 2009.08.18
////////////////////////////////////////////////////////////


//		一个标准关卡包括：
//
//		#序号,宽度,高度,<换行>		(数据间用逗号隔开，换行不可省略)
//		关卡数组,<换行>				(数据间用逗号隔开，可多次换行)
//		<空行>						(空行表示数组结束，不可省略)
//
//
//
//		关卡数组含义：
//
//		0：空地
//		1：目的地
//		2：箱子
//		3：到位的箱子
//		4：人
//		8：墙
//		9：墙外空白

/////////////////////////////////////////////////////////////

#1,8,8,
9,9,8,8,8,9,9,9,
9,9,8,1,8,9,9,9,
9,9,8,0,8,8,8,8,
8,8,8,2,0,2,1,8,
8,1,0,2,4,8,8,8,
8,8,8,8,2,8,9,9,
9,9,9,8,1,8,9,9,
9,9,9,8,8,8,9,9,

#2,9,9,
8,8,8,8,8,9,9,9,9,8,0,0,0,8,9,9,9,9,8,0,2,0,8,9,8,8,8,8,0,2,4,8,9,8,1,8,
8,8,8,2,8,8,8,1,8,9,8,8,0,0,0,0,1,8,9,8,0,0,0,8,0,0,8,9,8,0,0,0,8,8,8,8,
9,8,8,8,8,8,9,9,9,

#3,10,7,
9,8,8,8,8,8,8,8,9,9,9,8,0,0,0,0,0,8,8,8,8,8,2,8,8,8,0,0,0,8,8,0,4,0,2,0,0,2,0,8,
8,0,1,1,8,0,2,0,8,8,8,8,1,1,8,0,0,0,8,9,9,8,8,8,8,8,8,8,8,9,

#4,6,8,
9,8,8,8,8,9,8,8,0,0,8,9,8,4,2,0,8,9,8,8,2,0,8,8,
8,8,0,2,0,8,8,1,2,0,0,8,8,1,1,3,1,8,8,8,8,8,8,8,

#5,8,8,
9,8,8,8,8,8,9,9,9,8,0,4,8,8,8,9,9,8,0,2,0,0,8,9,8,8,8,0,8,0,8,8,
8,1,8,0,8,0,0,8,8,1,2,0,0,8,0,8,8,1,0,0,0,2,0,8,8,8,8,8,8,8,8,8,

#6,13,11,
9,9,9,8,8,8,8,8,8,8,9,9,9,8,8,8,8,0,0,0,0,0,8,9,9,9,
8,0,0,0,1,8,8,8,0,8,9,9,9,8,0,8,0,8,0,0,0,0,8,8,9,9,
8,0,8,0,2,0,2,8,1,0,8,9,9,8,0,8,0,0,3,0,0,8,0,8,9,9,
8,0,1,8,2,0,2,0,8,0,8,9,9,8,8,0,0,0,0,8,0,8,0,8,8,8,
9,8,0,8,8,8,1,0,0,0,0,4,8,9,8,0,0,0,0,0,8,8,0,0,0,8,
9,8,8,8,8,8,8,8,8,8,8,8,8,

#7,10,8,
9,9,9,8,8,8,8,8,8,8,9,9,8,8,0,0,8,0,4,8,9,9,8,0,0,0,8,2,0,8,9,9,8,2,0,0,2,0,0,8,
9,9,8,0,2,8,8,0,0,8,8,8,8,0,2,0,8,0,8,8,8,1,1,1,1,1,0,0,8,9,8,8,8,8,8,8,8,8,8,9,

#8,10,7,
9,9,9,8,8,8,8,8,8,9,9,8,8,8,0,0,0,0,8,9,8,8,1,0,2,8,8,0,8,8,8,1,1,2,0,2,0,0,4,8,
8,1,1,0,2,0,2,0,8,8,8,8,8,8,8,8,0,0,8,9,9,9,9,9,9,8,8,8,8,9,

#9,11,9,
9,8,8,8,8,8,8,8,8,8,9,9,8,0,0,8,8,0,0,0,8,9,9,8,0,0,0,2,0,0,0,8,9,9,8,2,0,8,8,8,0,2,8,9,
9,8,0,8,1,1,1,8,0,8,9,8,8,0,8,1,1,1,8,0,8,8,8,0,2,0,0,2,0,0,2,0,8,8,0,0,0,0,0,8,0,0,4,8,
8,8,8,8,8,8,8,8,8,8,8,

#10,8,7,
9,9,8,8,8,8,8,8,9,9,8,0,0,0,0,8,8,8,8,2,2,2,0,8,8,4,0,2,1,1,0,8,
8,0,2,1,1,1,8,8,8,8,8,8,0,0,8,9,9,9,9,8,8,8,8,9,

#11,12,6,
9,8,8,8,8,9,9,8,8,8,8,8,8,8,0,0,8,9,9,8,0,0,0,8,
8,0,2,0,8,8,8,8,2,0,0,8,8,0,0,2,1,1,1,1,0,2,0,8,
8,8,0,0,0,0,8,0,4,0,8,8,9,8,8,8,8,8,8,8,8,8,8,9,

#12,8,7,
9,9,8,8,8,8,8,9,8,8,8,0,0,4,8,9,8,0,0,2,1,0,8,8,8,0,0,1,2,1,0,8,
8,8,8,0,3,2,0,8,9,9,8,0,0,0,8,8,9,9,8,8,8,8,8,9,

#13,8,8,
9,9,8,8,8,8,9,9,9,9,8,1,1,8,9,9,9,8,8,0,1,8,8,9,9,8,0,0,2,1,8,9,
8,8,0,2,0,0,8,8,8,0,0,8,2,2,0,8,8,0,0,4,0,0,0,8,8,8,8,8,8,8,8,8,

#14,8,7,
8,8,8,8,8,8,8,8,8,0,0,8,0,0,0,8,8,0,2,1,1,2,0,8,8,4,2,1,3,0,8,8,
8,0,2,1,1,2,0,8,8,0,0,8,0,0,0,8,8,8,8,8,8,8,8,8,

#15,8,7,
9,8,8,8,8,8,8,9,8,8,0,0,0,0,8,8,8,0,2,0,2,2,0,8,8,1,1,1,1,1,1,8,
8,0,2,2,0,2,0,8,8,8,8,0,4,8,8,8,9,9,8,8,8,8,9,9,

#16,10,9,
9,9,8,8,8,8,8,8,9,9,9,9,8,0,0,0,0,8,8,8,9,9,8,0,2,0,0,0,0,8,8,8,8,0,2,0,8,8,0,8,
8,1,1,1,0,2,0,0,0,8,8,1,1,1,2,8,2,0,8,8,8,8,8,8,0,8,0,2,0,8,9,9,9,8,0,0,0,4,0,8,
9,9,9,8,8,8,8,8,8,8,

#17,9,7,
8,8,8,8,8,8,9,9,9,8,0,0,0,0,8,9,9,9,8,0,2,2,2,8,8,9,9,8,0,0,8,1,1,8,8,8,
8,8,0,0,1,1,2,0,8,9,8,0,0,4,0,0,0,8,9,8,8,8,8,8,8,8,8,

#18,10,9,
9,9,8,8,8,8,8,8,8,8,9,9,8,0,0,0,8,1,0,8,9,8,8,0,0,2,1,1,1,8,9,8,0,0,2,0,8,3,1,8,
8,8,0,8,8,2,8,0,8,8,8,0,0,0,2,0,0,2,0,8,8,0,0,0,8,0,0,0,0,8,8,8,8,8,8,8,8,4,0,8,
9,9,9,9,9,9,8,8,8,8,

#19,10,8,
9,8,8,8,8,8,8,8,9,9,9,8,1,1,1,1,0,8,9,9,8,8,8,1,1,1,2,8,8,8,8,0,0,2,8,2,0,2,0,8,
8,0,2,2,0,0,8,2,0,8,8,0,0,0,0,8,0,0,0,8,8,8,8,8,0,4,0,8,8,8,9,9,9,8,8,8,8,8,9,9,

#20,7,8,
8,8,8,8,8,8,8,8,1,1,2,1,1,8,8,1,1,8,1,1,8,8,0,2,2,2,0,8,
8,0,0,2,0,0,8,8,0,2,2,2,0,8,8,0,0,8,4,0,8,8,8,8,8,8,8,8,

#21,11,8,
9,9,9,8,8,8,8,8,8,9,9,9,9,9,8,0,1,1,1,8,9,9,8,8,8,8,1,1,1,1,8,9,9,8,0,0,8,8,8,2,0,8,8,8,
8,0,2,0,2,0,0,2,2,0,8,8,4,0,2,0,2,0,0,0,0,8,8,0,0,0,8,8,8,0,0,0,8,8,8,8,8,8,9,8,8,8,8,8,

#22,9,9,
8,8,8,8,8,8,8,8,9,8,0,0,0,0,0,0,8,9,8,0,8,2,2,0,0,8,9,8,0,1,1,1,8,0,8,9,
8,8,1,1,1,2,0,8,8,9,8,0,8,8,0,2,0,8,9,8,2,0,0,2,0,0,8,9,8,0,0,8,0,0,4,8,
9,8,8,8,8,8,8,8,8,

#23,10,8,
9,9,8,8,8,8,8,9,9,9,8,8,8,0,0,0,8,8,8,8,8,0,0,0,2,0,2,0,0,8,8,0,2,0,0,0,2,0,4,8,
8,8,8,2,2,8,8,8,8,8,9,9,8,0,0,1,1,8,9,9,9,9,8,1,1,1,1,8,9,9,9,9,8,8,8,8,8,8,9,9,

#24,14,9,
8,8,8,8,8,8,9,9,9,8,8,8,8,8,8,0,0,0,0,8,8,8,9,8,0,0,1,8,
8,0,0,2,0,2,0,8,9,8,1,1,1,8,8,0,8,0,0,2,0,8,8,8,0,0,1,8,
8,0,0,2,2,2,0,0,0,2,0,4,1,8,8,8,8,0,0,2,0,0,2,8,0,0,1,8,
9,9,8,0,0,2,8,2,0,8,1,1,1,8,9,9,8,8,0,0,0,0,0,8,0,0,1,8,
9,9,9,8,8,8,8,8,8,8,8,8,8,8,

#25,11,10,
9,9,9,9,9,8,8,8,8,8,8,9,8,8,8,8,8,1,0,0,0,8,9,8,0,0,8,1,1,8,8,0,8,9,8,0,0,2,1,1,0,0,0,8,
9,8,0,0,8,0,1,8,0,8,8,8,8,8,0,8,8,2,8,0,0,8,8,0,2,0,0,0,0,2,2,0,8,8,0,8,2,8,0,0,8,0,0,8,
8,4,0,0,8,8,8,8,8,8,8,8,8,8,8,8,9,9,9,9,9,9,

#26,13,12,
9,8,8,8,8,8,8,8,8,8,9,9,9,9,8,0,0,0,8,8,0,0,8,8,8,8,
9,8,0,2,0,0,0,0,0,0,0,0,8,9,8,8,2,8,8,8,0,8,8,0,0,8,
9,8,0,0,8,8,0,3,0,8,0,8,8,9,8,0,2,1,1,1,1,1,1,0,8,9,
8,8,0,8,8,8,0,1,0,8,0,8,9,8,0,0,0,0,0,2,8,8,8,2,8,9,
8,0,0,0,8,0,0,0,0,2,4,8,9,8,8,8,8,8,2,8,0,8,8,8,8,9,
9,9,9,9,8,0,0,0,8,9,9,9,9,9,9,9,9,8,8,8,8,8,9,9,9,9,

#27,15,12,
9,9,9,9,9,9,8,8,8,8,8,8,8,8,8,9,9,9,9,9,9,8,0,0,0,0,0,0,0,8,
9,9,9,9,9,9,8,0,8,0,8,0,8,0,8,9,9,9,9,9,9,8,0,0,2,0,2,8,0,8,
8,8,8,8,8,8,8,0,0,0,2,0,0,0,8,8,1,1,8,0,0,8,8,0,2,0,2,8,0,8,
8,1,1,0,0,0,8,8,0,2,0,2,0,0,8,8,1,1,8,0,0,8,8,0,8,8,8,8,8,8,
8,1,1,8,0,8,0,2,0,2,0,8,9,9,9,8,1,1,0,0,0,0,0,2,0,0,8,9,9,9,
8,0,0,8,8,8,4,0,0,8,8,8,9,9,9,8,8,8,8,9,8,8,8,8,8,9,9,9,9,9,

#28,16,13,
9,9,9,9,8,8,8,8,9,9,9,9,9,9,9,9,8,8,8,8,8,0,0,8,9,9,9,9,9,9,9,9,
8,0,0,2,0,2,0,8,9,8,8,8,8,8,8,8,8,0,0,0,2,0,0,8,9,8,3,1,3,1,3,8,
8,8,0,2,0,2,0,8,8,8,1,3,1,3,1,8,9,8,2,0,2,0,0,8,0,0,3,1,3,1,3,8,
9,8,4,2,0,2,0,0,0,0,1,3,1,3,8,8,9,8,2,0,2,0,0,8,0,0,3,1,3,1,3,8,
8,8,0,2,0,2,0,8,8,8,1,3,1,3,1,8,8,0,0,0,2,0,0,8,9,8,3,1,3,1,3,8,
8,0,0,2,0,2,0,8,9,8,8,8,8,8,8,8,8,8,8,8,8,0,0,8,9,9,9,9,9,9,9,9,
9,9,9,9,8,8,8,8,9,9,9,9,9,9,9,9,

#29,9,7
8,8,8,8,8,8,8,8,9,8,1,1,1,1,1,1,8,9,8,0,0,2,0,8,0,8,8,8,0,2,0,8,0,2,0,8,
8,8,2,0,2,0,2,0,8,9,8,0,0,4,0,0,0,8,9,8,8,8,8,8,8,8,8,

#30,12,7
9,9,8,8,8,8,8,8,8,8,8,8,8,8,8,0,0,0,1,0,0,0,0,8,
8,0,0,0,8,8,2,8,8,0,0,8,8,0,4,2,1,0,1,0,1,2,8,8,
8,8,0,2,8,8,2,8,8,0,8,9,9,8,0,0,0,0,1,0,0,0,8,9,
9,8,8,8,8,8,8,8,8,8,8,9,

#31,9,8,
9,9,9,8,8,8,8,8,8,8,8,8,8,1,0,0,4,8,8,0,0,2,2,2,0,0,8,8,1,8,8,1,8,8,1,8,
8,0,0,0,2,0,0,0,8,8,0,0,2,1,8,0,8,8,8,8,8,8,0,0,0,8,9,9,9,9,8,8,8,8,8,9,

#32,8,8,
9,8,8,8,8,8,8,9,9,8,1,0,1,1,8,9,9,8,1,0,2,1,8,9,8,8,8,0,0,2,8,8,
8,0,2,0,0,2,0,8,8,0,8,2,8,8,0,8,8,0,0,0,4,0,0,8,8,8,8,8,8,8,8,8,

#33,14,12,
9,9,9,9,8,8,8,8,8,8,9,9,9,9,9,9,8,8,8,0,0,0,0,8,8,8,9,9,
9,9,8,0,0,0,8,2,0,0,0,8,8,8,9,9,8,0,0,0,2,0,0,0,2,2,0,8,
9,9,8,0,2,2,0,8,2,0,0,0,0,8,9,9,8,8,0,0,0,2,0,0,0,2,0,8,
8,8,8,8,8,8,0,8,2,8,8,8,8,8,8,1,1,4,0,8,2,0,0,8,9,9,9,9,
8,1,8,1,1,0,0,2,8,8,9,9,9,9,8,1,1,1,1,2,8,0,8,9,9,9,9,9,
8,1,1,1,1,0,0,0,8,9,9,9,9,9,8,8,8,8,8,8,8,8,8,9,9,9,9,9,

#34,15,13,
8,8,8,8,8,8,8,8,8,8,8,8,8,8,8,8,0,0,0,0,0,0,8,0,0,0,0,0,0,8,
8,0,2,0,8,2,0,8,0,2,8,8,2,0,8,8,0,8,0,0,2,0,8,0,0,0,0,0,0,8,
8,0,0,0,8,8,2,8,2,8,8,2,2,0,8,8,0,8,0,8,0,1,1,1,0,8,0,0,0,8,
8,0,2,0,0,1,0,8,0,1,2,0,0,0,8,8,0,2,8,4,2,1,1,1,8,0,8,0,0,8,
8,0,0,0,0,1,0,8,0,1,0,0,2,0,8,8,0,8,8,1,2,8,8,8,2,1,0,8,0,8,
8,0,8,0,2,1,1,1,1,1,0,8,8,0,8,8,0,0,0,0,0,0,0,0,0,0,0,0,0,8,
8,8,8,8,8,8,8,8,8,8,8,8,8,8,8,

#35,10,10,
8,8,8,8,8,8,8,8,8,9,8,0,0,0,8,8,0,0,8,9,8,0,8,0,2,0,2,0,8,9,8,0,0,3,1,8,0,0,8,9,
8,8,0,8,1,4,1,8,8,9,8,8,2,8,8,8,3,8,8,8,8,0,0,0,0,0,0,0,0,8,8,0,0,0,8,8,0,8,0,8,
8,8,8,8,8,8,0,0,0,8,9,9,9,9,9,8,8,8,8,8,

#36,15,12,
8,8,8,8,8,8,8,8,9,9,9,9,9,9,9,8,0,0,0,0,0,0,8,9,9,9,9,9,9,9,
8,0,2,2,0,0,0,8,8,8,9,9,9,9,9,8,0,0,2,0,2,2,2,0,8,8,8,8,8,9,
8,8,0,8,8,0,1,1,1,0,0,0,0,8,8,9,8,0,8,4,8,1,1,1,8,8,8,2,0,8,
9,8,0,8,0,2,1,1,1,0,0,0,0,0,8,8,8,0,8,0,2,1,1,1,2,0,8,0,8,8,
8,0,0,8,8,8,8,8,0,8,8,8,0,8,9,8,0,0,0,0,0,0,2,0,0,0,2,0,8,9,
8,8,8,8,8,8,8,8,8,8,8,0,0,8,9,9,9,9,9,9,9,9,9,9,9,8,8,8,8,9,

#37,10,8,
9,9,9,8,8,8,8,8,9,9,9,9,9,8,0,4,0,8,9,9,9,9,9,8,2,2,2,8,9,9,8,8,8,8,0,0,0,8,9,9,
8,0,0,0,1,0,2,8,8,8,8,0,2,1,2,1,0,1,8,8,8,0,0,8,1,8,1,8,8,9,8,8,8,8,8,8,8,8,9,9,

#38,12,12,
8,8,8,8,8,8,8,8,8,8,8,8,8,1,1,1,0,8,0,0,0,0,0,8,
8,1,1,0,0,8,0,8,8,0,0,8,8,1,1,0,0,0,0,0,8,0,0,8,
8,1,1,0,0,8,0,2,8,8,0,8,8,1,1,1,0,8,2,0,2,0,0,8,
8,8,8,8,8,8,0,0,2,2,0,8,9,8,8,0,0,2,0,2,2,0,0,8,
9,8,4,0,2,2,2,0,0,8,0,8,9,8,8,0,2,0,8,0,0,0,0,8,
9,9,8,0,0,0,0,0,0,0,0,8,9,9,8,8,8,8,8,8,8,8,8,8,

#39,11,10,
8,8,8,8,8,8,8,8,8,9,9,8,0,0,0,0,0,0,0,8,9,9,8,0,0,2,0,2,0,2,8,9,9,8,8,0,8,2,8,8,0,8,9,9,
9,8,0,1,1,0,1,1,8,8,9,9,8,8,1,1,0,1,1,0,8,9,9,9,8,0,8,8,2,8,0,8,8,9,9,8,2,0,2,0,2,0,0,8,
9,9,8,0,0,0,0,0,0,4,8,9,9,8,8,8,8,8,8,8,8,8,

#40,15,14,
8,8,8,8,8,9,9,9,9,9,9,8,8,8,8,8,0,4,0,8,8,8,8,8,8,8,8,0,0,8,
8,8,0,2,0,0,0,0,0,0,0,2,0,0,8,9,8,0,8,0,8,0,0,8,8,8,8,0,0,8,
9,8,0,0,2,0,0,0,8,8,8,8,2,8,8,9,8,2,0,8,8,0,8,0,2,0,2,0,8,9,
8,8,0,2,0,0,2,8,0,0,0,0,0,8,9,8,0,0,0,8,0,0,0,0,0,0,8,0,8,9,
8,0,0,0,8,8,8,8,8,2,8,8,8,8,9,8,8,8,8,8,0,0,0,8,0,0,0,8,9,9,
9,9,9,9,8,1,1,1,0,0,2,0,8,9,9,9,9,9,9,8,1,1,1,1,8,0,0,8,9,9,
9,9,9,9,8,1,1,1,1,8,8,8,8,9,9,9,9,9,9,8,8,8,8,8,8,9,9,9,9,9,

#41,10,8,
9,9,9,9,9,8,8,8,8,8,9,8,8,8,8,8,0,0,0,8,9,8,0,1,1,0,2,8,0,8,9,8,0,8,1,3,0,0,0,8,
8,8,0,3,1,8,2,0,8,8,8,0,2,0,0,2,0,0,8,9,8,0,0,0,8,8,0,4,8,9,8,8,8,8,8,8,8,8,8,9,

#42,13,9,
8,8,8,8,8,9,8,8,8,8,8,8,8,8,0,0,0,8,8,8,0,0,8,0,0,8,
8,0,0,2,0,0,0,0,2,0,4,0,8,8,8,0,8,2,8,8,1,8,8,0,0,8,
9,8,0,0,1,1,1,3,1,0,2,0,8,9,8,0,2,8,0,8,1,8,0,8,0,8,
9,8,8,0,0,0,0,2,0,0,0,0,8,9,9,8,0,0,8,8,8,8,8,8,8,8,
9,9,8,8,8,8,9,9,9,9,9,9,9,

#43,15,13,
9,9,9,9,9,9,9,9,9,8,8,8,9,9,9,9,9,9,9,8,8,8,8,8,8,4,8,8,9,9,
9,9,9,9,8,1,1,1,1,8,2,0,8,8,9,9,9,9,9,8,1,1,1,1,8,0,2,0,8,9,
9,9,9,9,8,1,1,1,1,0,2,0,0,8,9,9,9,9,9,8,0,1,1,1,8,0,0,0,8,9,
8,8,8,8,8,8,0,8,8,8,8,8,0,8,8,8,0,2,0,2,0,0,0,2,0,0,8,0,0,8,
8,0,0,0,0,2,2,0,0,0,2,0,2,0,8,8,8,8,0,2,0,2,0,2,0,0,8,8,8,8,
9,9,8,8,0,0,0,2,0,2,0,8,9,9,9,9,9,9,8,0,0,8,8,8,8,8,8,9,9,9,
9,9,9,8,8,8,8,9,9,9,9,9,9,9,9,

#44,11,10,
9,9,9,8,8,8,8,8,9,9,9,9,8,8,8,0,0,0,8,8,8,9,8,8,0,0,4,2,0,2,0,8,9,8,0,0,8,8,0,8,8,0,8,8,
8,0,2,1,8,1,2,0,0,0,8,8,0,8,1,8,3,8,0,0,0,8,8,0,2,1,1,1,0,0,8,8,8,8,8,8,2,8,0,8,8,8,9,9,
9,9,8,0,0,0,8,9,9,9,9,9,9,8,8,8,8,8,9,9,9,9,

#45,15,13,
9,9,9,9,9,9,8,8,8,8,9,9,9,9,9,9,9,9,9,9,9,8,0,0,8,8,8,8,8,8,
9,9,9,9,9,9,8,0,0,0,0,8,0,0,8,9,9,9,9,9,9,8,0,2,2,0,0,0,0,8,
8,8,8,8,8,8,8,2,8,0,0,8,0,0,8,8,0,0,8,1,0,1,1,0,8,8,8,2,8,8,
8,0,0,8,1,8,3,1,2,0,0,0,0,0,8,8,0,0,8,1,8,1,3,8,0,8,0,0,0,8,
8,0,2,2,1,1,1,1,8,0,8,8,8,8,8,8,0,4,2,0,8,0,8,8,0,8,9,9,9,9,
8,0,2,2,2,8,0,0,0,0,8,9,9,9,9,8,0,0,0,0,8,8,8,8,8,8,9,9,9,9,
8,8,8,8,8,8,9,9,9,9,9,9,9,9,9,

#46,15,14,
8,8,8,8,9,9,9,9,9,9,9,9,9,9,9,8,0,0,8,8,8,9,9,9,9,9,9,9,9,9,
8,0,2,0,0,8,8,8,9,9,9,9,9,9,9,8,0,2,0,2,0,0,8,8,8,9,9,9,9,9,
8,0,2,0,2,0,2,0,0,8,8,8,9,9,9,8,0,2,0,2,0,2,0,0,0,0,8,9,9,9,
8,0,2,0,2,0,0,8,0,0,0,8,8,9,9,8,0,2,0,0,8,8,0,2,2,2,0,8,9,9,
8,4,0,8,8,8,8,0,0,0,0,0,8,8,9,8,8,0,8,9,8,1,2,2,2,2,2,1,8,9,
9,8,0,8,8,8,1,1,1,1,1,1,1,8,8,9,8,0,0,0,1,3,3,3,3,3,3,3,1,8,
9,8,8,8,8,1,1,1,1,1,1,1,1,1,8,9,9,9,9,8,8,8,8,8,8,8,8,8,8,8,

#47,11,10,
8,8,8,8,8,8,8,9,9,9,9,8,0,4,8,0,0,8,8,8,8,8,8,0,2,2,0,0,2,0,0,0,8,8,0,0,8,1,8,8,2,8,0,8,
8,8,2,8,1,1,1,0,0,0,8,8,8,0,1,1,1,8,8,2,8,8,8,0,0,8,8,1,8,8,0,0,8,8,0,0,2,0,0,2,0,0,0,8,
8,0,0,8,0,0,0,8,0,0,8,8,8,8,8,8,8,8,8,8,8,8,

#48,11,9,
9,9,9,8,8,8,8,8,9,9,9,9,9,9,8,0,4,0,8,9,9,9,9,9,9,8,0,2,0,8,9,9,9,9,9,9,8,2,1,2,8,9,9,9,
9,8,8,8,1,2,1,8,8,9,9,8,8,0,1,2,1,2,1,8,8,8,8,0,0,2,1,2,1,2,0,0,8,8,0,0,0,0,1,0,0,0,0,8,
8,8,8,8,8,8,8,8,8,8,8,

#49,13,12,
8,8,8,8,8,8,8,8,8,8,8,8,8,8,0,0,2,0,2,0,2,1,3,1,1,8,
8,0,2,0,2,0,2,0,3,1,1,1,8,8,0,0,2,0,2,0,2,1,3,1,1,8,
8,0,2,0,2,0,2,0,3,1,1,1,8,8,0,0,2,0,2,0,2,1,3,1,1,8,
8,0,2,0,2,0,2,0,3,1,1,1,8,8,0,0,2,0,2,0,2,1,3,1,1,8,
8,0,2,0,2,0,2,0,3,1,1,1,8,8,0,0,2,0,2,0,2,1,3,1,1,8,
8,4,2,0,2,0,2,0,3,1,1,1,8,8,8,8,8,8,8,8,8,8,8,8,8,8,

#50,13,11,
9,9,9,9,9,9,9,9,8,8,8,8,8,9,9,9,9,9,9,9,9,8,0,0,0,8,
8,8,8,8,8,8,8,8,8,0,8,0,8,8,0,2,0,2,0,2,0,2,0,0,0,8,
8,0,8,1,8,1,8,1,8,0,2,8,8,8,1,1,1,1,1,1,1,0,4,0,8,9,
8,0,8,0,8,0,8,0,8,2,8,8,8,8,0,2,0,2,0,2,0,2,0,0,0,8,
8,8,8,8,8,8,8,8,8,0,8,0,8,9,9,9,9,9,9,9,9,8,0,0,0,8,
9,9,9,9,9,9,9,9,8,8,8,8,8,

#51,9,7,
8,8,8,8,8,8,8,9,9,8,0,0,1,2,0,8,8,8,8,0,1,2,1,2,0,0,8,8,3,2,1,2,1,4,0,8,
8,0,1,2,1,2,0,8,8,8,0,0,1,2,0,0,8,9,8,8,8,8,8,8,8,8,9,

#52,16,9,
9,9,9,9,9,9,9,9,9,8,8,8,8,8,9,9,9,9,9,9,9,9,9,9,9,8,0,0,0,8,9,9,
8,8,8,8,8,8,8,8,8,8,0,3,0,8,8,8,8,0,0,0,0,0,0,0,0,0,0,1,0,0,0,8,
8,0,2,2,2,2,3,3,3,3,2,1,1,1,4,8,8,0,0,0,0,0,0,0,0,0,0,1,0,0,0,8,
8,8,8,8,8,8,8,8,8,8,0,3,0,8,8,8,9,9,9,9,9,9,9,9,9,8,0,0,0,8,9,9,
9,9,9,9,9,9,9,9,9,8,8,8,8,8,9,9,

#53,13,10,
9,9,9,9,9,8,8,8,8,9,9,9,9,8,8,8,8,8,8,0,0,8,8,8,8,8,
8,4,2,0,0,0,0,2,0,0,2,0,8,8,2,8,8,8,0,2,0,8,0,8,0,8,
8,0,0,8,0,0,8,0,2,0,0,0,8,8,0,2,8,0,0,0,0,8,0,8,8,8,
8,0,0,2,0,8,2,8,0,0,0,8,9,8,1,1,1,1,1,1,1,1,1,0,8,9,
8,8,8,8,8,8,8,8,0,0,0,8,9,9,9,9,9,9,9,9,8,8,8,8,8,9,

#54,13,12,
9,8,8,8,8,8,8,8,8,8,9,9,9,9,8,0,0,0,8,8,0,0,8,8,8,8,
9,8,0,2,0,0,0,0,0,0,2,0,8,9,8,8,2,8,8,8,0,8,8,4,0,8,
9,8,0,0,8,8,0,3,0,8,0,8,8,9,8,0,2,1,1,1,1,1,1,0,8,9,
8,8,0,8,8,8,0,1,0,8,0,8,9,8,0,0,0,0,0,2,8,8,8,0,8,9,
8,0,0,0,8,0,0,0,0,2,0,8,9,8,8,8,8,8,2,8,0,8,8,8,8,9,
9,9,9,9,8,0,0,0,8,9,9,9,9,9,9,9,9,8,8,8,8,8,9,9,9,9,

#55,11,10,
8,8,8,8,8,8,8,8,8,8,8,8,0,0,0,0,8,0,0,0,0,8,8,0,2,4,2,2,2,2,2,0,8,8,0,0,0,0,0,0,0,0,0,8,
8,8,8,8,8,0,8,8,8,8,8,9,9,9,8,1,0,0,8,9,9,9,9,9,9,8,1,0,0,8,9,9,9,9,9,9,8,1,1,1,8,9,9,9,
9,9,9,8,1,0,0,8,9,9,9,9,9,9,8,8,8,8,8,9,9,9,

#56,9,12,
9,9,8,8,8,8,8,9,9,9,9,8,0,4,0,8,9,9,9,9,8,0,2,0,8,9,9,8,8,8,0,1,0,8,8,8,
8,0,0,0,3,0,0,0,8,8,0,3,3,3,3,3,0,8,8,0,0,0,3,0,0,0,8,8,8,8,2,3,2,8,8,8,
9,9,8,0,1,0,8,9,9,9,9,8,0,3,0,8,9,9,9,9,8,0,1,0,8,9,9,9,9,8,8,8,8,8,9,9,

#57,14,12,
8,8,8,8,8,8,8,8,8,8,8,8,8,8,8,1,0,0,0,0,0,0,0,0,0,0,0,8,
8,1,2,0,2,0,2,0,2,0,2,0,0,8,8,1,8,8,8,8,8,8,8,8,8,0,0,8,
8,1,8,1,3,0,2,0,1,1,2,3,8,8,8,1,8,0,2,0,2,0,3,1,2,4,8,9,
8,1,8,1,0,0,2,0,1,1,2,2,8,9,8,1,8,8,8,8,8,8,8,8,8,1,8,9,
8,1,0,0,0,0,0,0,0,0,0,0,8,9,8,1,8,2,8,2,8,2,8,2,8,2,8,9,
8,1,0,0,0,0,0,0,0,0,0,0,8,9,8,8,8,8,8,8,8,8,8,8,8,8,8,9,

#58,14,10,
8,8,8,8,8,8,8,8,8,8,8,8,9,9,8,1,1,0,0,8,0,0,0,0,0,8,8,8,
8,1,1,0,0,8,0,2,0,0,2,0,0,8,8,1,1,0,0,8,2,8,8,8,8,0,0,8,
8,1,1,0,0,0,0,4,0,8,8,0,0,8,8,1,1,0,0,8,0,8,0,0,2,0,8,8,
8,8,8,8,8,8,0,8,8,2,0,2,0,8,9,9,8,0,2,0,0,2,0,2,0,2,0,8,
9,9,8,0,0,0,0,8,0,0,0,0,0,8,9,9,8,8,8,8,8,8,8,8,8,8,8,8,

#59,14,13,
9,9,9,9,9,9,9,8,8,8,8,9,9,9,8,8,8,8,8,8,8,8,0,0,8,8,8,8,
8,0,0,0,8,8,1,1,1,1,1,0,0,8,8,0,0,2,0,0,8,8,1,1,1,8,0,8,
8,8,0,0,2,0,0,8,8,8,0,8,0,8,9,8,0,8,0,2,0,0,8,0,0,0,0,8,
9,8,0,0,8,0,2,0,0,8,0,0,0,8,9,8,0,0,0,8,0,2,0,0,8,0,0,8,
9,8,0,0,0,0,8,0,2,0,8,0,8,8,9,8,8,8,8,0,0,8,0,2,0,0,8,9,
9,9,9,9,8,8,0,0,8,0,2,0,8,9,9,9,9,9,9,8,8,4,8,0,0,0,8,9,
9,9,9,9,9,9,8,8,8,8,8,8,8,9,

#60,14,10,
8,8,8,8,9,9,9,9,9,9,8,8,8,8,8,1,1,8,8,8,8,8,8,8,8,1,1,8,
8,3,1,3,1,1,1,1,1,3,1,3,1,8,8,0,2,0,2,0,2,0,2,0,2,0,2,8,
8,2,0,2,0,2,4,2,0,2,0,2,0,8,8,0,2,0,2,0,2,0,2,0,2,0,2,8,
8,2,0,2,0,2,0,2,0,2,0,2,0,8,8,1,3,1,3,1,1,1,1,1,3,1,3,8,
8,1,1,8,8,8,8,8,8,8,8,1,1,8,8,8,8,8,9,9,9,9,9,9,8,8,8,8,



