
//连连看地图种子。
//说明：0代表没有方块，1代表显示方块，并计入方块数量，方块数量必须是偶数。
0,0,0,0,0,0,
0,0,0,0,0,0,
0,0,0,0,0,0,
0,0,0,0,0,0,
0,0,0,0,0,0,
0,0,0,0,0,0,




0,0,0,0,0,0,0,0,
0,0,0,0,0,0,0,0,
0,0,0,0,0,0,0,0,
0,0,0,0,0,0,0,0,
0,0,0,0,0,0,0,0,
0,0,0,0,0,0,0,0,
0,0,0,0,0,0,0,0,
0,0,0,0,0,0,0,0,

0,0,0,0,0,0,0,0,0,0,
0,0,0,0,0,0,0,0,0,0,
0,0,0,0,0,0,0,0,0,0,
0,0,0,0,0,0,0,0,0,0,
0,0,0,0,0,0,0,0,0,0,
0,0,0,0,0,0,0,0,0,0,
0,0,0,0,0,0,0,0,0,0,
0,0,0,0,0,0,0,0,0,0,
0,0,0,0,0,0,0,0,0,0,
0,0,0,0,0,0,0,0,0,0,


0,0,0,0,0,0,0,0,0,0,0,0,0,0,
0,0,0,0,0,0,0,0,0,0,0,0,0,0,
0,0,0,0,0,0,0,0,0,0,0,0,0,0,
0,0,0,0,0,0,0,0,0,0,0,0,0,0,
0,0,0,0,0,0,0,0,0,0,0,0,0,0,
0,0,0,0,0,0,0,0,0,0,0,0,0,0,
0,0,0,0,0,0,0,0,0,0,0,0,0,0,
0,0,0,0,0,0,0,0,0,0,0,0,0,0,
0,0,0,0,0,0,0,0,0,0,0,0,0,0,
0,0,0,0,0,0,0,0,0,0,0,0,0,0,
0,0,0,0,0,0,0,0,0,0,0,0,0,0,
0,0,0,0,0,0,0,0,0,0,0,0,0,0,
0,0,0,0,0,0,0,0,0,0,0,0,0,0,
0,0,0,0,0,0,0,0,0,0,0,0,0,0,




#0,1,6,6,
1,1,1,1,1,1,
1,1,1,1,1,1,
1,1,0,0,1,1,
1,1,0,0,1,1,
1,1,1,1,1,1,
1,1,1,1,1,1,


#0,2,6,6,
0,0,0,0,0,0,
0,0,1,1,0,0,
0,1,1,1,1,0,
0,1,1,1,1,0,
0,0,1,1,0,0,
0,0,0,0,0,0,

#0,3,6,6,
1,1,0,0,1,1,
1,1,0,0,1,1,
1,1,0,0,1,1,
1,1,0,0,1,1,
1,1,0,0,1,1,
1,1,0,0,1,1,

#0,4,6,6,
1,1,1,1,1,1,
1,1,1,1,1,1,
0,0,0,0,0,0,
0,0,0,0,0,0,
1,1,1,1,1,1,
1,1,1,1,1,1,

#0,5,6,6,
0,0,1,1,0,0,
0,0,1,1,0,0,
1,1,1,1,1,1,
1,1,1,1,1,1,
0,0,1,1,0,0,
0,0,1,1,0,0,

#0,6,6,6,
0,0,0,0,0,0,
0,1,1,1,1,0,
0,1,1,1,1,0,
0,1,1,1,1,0,
0,1,1,1,1,0,
0,0,0,0,0,0,


#0,7,6,6,
1,1,1,1,0,0,
1,1,1,0,0,0,
1,1,0,0,0,1,
1,0,0,0,1,1,
0,0,0,1,1,1,
0,0,1,1,1,1,

#0,8,6,6,
0,0,1,1,1,1,
0,0,0,1,1,1,
1,0,0,0,1,1,
1,1,0,0,0,1,
1,1,1,0,0,0,
1,1,1,1,0,0,

#0,9,6,6,
0,0,0,0,0,0,
1,1,1,1,1,1,
1,1,1,1,1,1,
1,1,1,1,1,1,
1,1,1,1,1,1,
0,0,0,0,0,0,


#0,10,6,6,
0,1,1,1,1,0,
0,1,1,1,1,0,
0,1,1,1,1,0,
0,1,1,1,1,0,
0,1,1,1,1,0,
0,1,1,1,1,0,

#0,11,6,6,
1,1,0,0,1,1,
1,1,0,0,1,1,
0,0,1,1,0,0,
0,0,1,1,0,0,
1,1,0,0,1,1,
1,1,0,0,1,1,

#0,12,6,6,
0,0,1,1,0,0,
0,0,1,1,0,0,
1,1,0,0,1,1,
1,1,0,0,1,1,
0,0,1,1,0,0,
0,0,1,1,0,0,

#0,13,6,6,
1,1,1,0,0,0,
1,1,1,1,0,0,
1,1,1,1,1,0,
0,1,1,1,1,1,
0,0,1,1,1,1,
0,0,0,1,1,1,

#0,14,6,6,
0,0,0,1,1,1,
0,0,1,1,1,1,
0,1,1,1,1,1,
1,1,1,1,1,0,
1,1,1,1,0,0,
1,1,1,0,0,0,

#0,15,6,6,
1,1,0,0,0,0,
1,1,1,0,0,0,
1,1,1,1,0,0,
1,1,1,1,1,0,
1,1,1,1,1,1,
1,1,1,1,1,1,

#0,16,6,6,
1,1,1,1,1,1,
1,1,1,1,1,1,
0,1,1,1,1,1,
0,0,1,1,1,1,
0,0,0,1,1,1,
0,0,0,0,1,1,

#0,17,6,6,
0,1,1,1,1,0,
0,0,1,1,0,0,
1,0,0,0,0,1,
1,0,0,0,0,1,
0,0,1,1,0,0,
0,1,1,1,1,0,

#0,18,6,6,
1,0,1,1,0,1,
0,0,0,0,0,0,
1,0,1,1,0,1,
1,0,1,1,0,1,
0,0,0,0,0,0,
1,0,1,1,0,1,

#0,19,6,6,
1,1,1,1,1,1,
1,1,1,1,1,1,
1,1,1,1,1,0,
1,1,1,1,0,0,
1,1,1,0,0,0,
1,1,0,0,0,0,

#0,20,6,6,
0,0,0,0,1,1,
0,0,0,1,1,1,
0,0,1,1,1,1,
0,1,1,1,1,1,
1,1,1,1,1,1,
1,1,1,1,1,1,

#0,21,6,6,
1,1,1,1,0,0,
1,1,1,0,0,0,
1,1,0,0,0,1,
1,0,0,0,1,1,
0,0,0,1,1,1,
0,0,1,1,1,1,

#0,22,6,6,
0,0,1,1,1,1,
0,0,0,1,1,1,
1,0,0,0,1,1,
1,1,0,0,0,1,
1,1,1,0,0,0,
1,1,1,1,0,0,

#0,23,6,6,
1,0,1,0,1,0,
0,1,0,1,0,1,
1,0,1,0,1,0,
0,1,0,1,0,1,
1,0,1,0,1,0,
0,1,0,1,0,1,

#0,24,6,6,
0,0,1,1,0,0,
0,1,1,1,1,0,
1,1,1,1,1,1,
1,1,1,1,1,1,
0,1,1,1,1,0,
0,0,1,1,0,0,

#0,25,6,6,
1,1,1,1,1,1,
1,1,0,0,1,1,
1,0,0,0,0,1,
1,0,0,0,0,1,
1,1,0,0,1,1,
1,1,1,1,1,1,

#0,26,6,6,
1,0,1,0,1,0,
1,1,1,1,1,1,
1,0,1,0,1,0,
1,1,1,1,1,1,
1,0,1,0,1,0,
1,1,1,1,1,0,



#1,1,8,8,
1,1,1,1,1,1,1,1,
1,1,1,1,1,1,1,1,
1,1,0,0,0,0,1,1,
1,1,0,0,0,0,1,1,
1,1,0,0,0,0,1,1,
1,1,0,0,0,0,1,1,
1,1,1,1,1,1,1,1,
1,1,1,1,1,1,1,1,


#1,2,8,8,
1,1,1,0,0,1,1,1,
1,1,1,0,0,1,1,1,
1,1,1,1,1,1,1,1,
0,0,1,1,1,1,0,0,
0,0,1,1,1,1,0,0,
1,1,1,1,1,1,1,1,
1,1,1,0,0,1,1,1,
1,1,1,0,0,1,1,1,

#1,3,8,8,
0,0,1,1,1,1,0,0,
0,0,1,1,1,1,0,0,
1,1,0,0,0,0,1,1,
1,1,0,0,0,0,1,1,
1,1,0,0,0,0,1,1,
1,1,0,0,0,0,1,1,
0,0,1,1,1,1,0,0,
0,0,1,1,1,1,0,0,



#1,4,8,8,
0,0,0,0,0,0,0,0,
0,0,0,0,0,0,0,0,
0,0,1,1,1,1,0,0,
0,0,1,1,1,1,0,0,
0,0,1,1,1,1,0,0,
0,0,1,1,1,1,0,0,
0,0,0,0,0,0,0,0,
0,0,0,0,0,0,0,0,

#1,5,8,8,
0,0,0,1,1,0,0,0,
0,0,0,1,1,0,0,0,
0,0,1,1,1,1,0,0,
1,1,1,1,1,1,1,1,
1,1,1,1,1,1,1,1,
0,0,1,1,1,1,0,0,
0,0,0,1,1,0,0,0,
0,0,0,1,1,0,0,0,

#1,6,8,8,
1,1,1,0,0,1,1,1,
1,1,1,0,0,1,1,1,
1,1,1,1,1,1,1,1,
0,0,1,1,1,1,0,0,
0,0,1,1,1,1,0,0,
1,1,1,1,1,1,1,1,
1,1,1,0,0,1,1,1,
1,1,1,0,0,1,1,1,


#1,7,8,8,
1,1,1,1,0,0,0,0,
1,1,1,1,1,0,0,0,
1,1,1,1,1,1,0,0,
1,1,1,1,1,1,1,0,
0,1,1,1,1,1,1,1,
0,0,1,1,1,1,1,1,
0,0,0,1,1,1,1,1,
0,0,0,0,1,1,1,1,



#1,8,8,8,
0,0,0,0,1,1,1,1,
0,0,0,1,1,1,1,1,
0,0,1,1,1,1,1,1,
0,1,1,1,1,1,1,1,
1,1,1,1,1,1,1,0,
1,1,1,1,1,1,0,0,
1,1,1,1,1,0,0,0,
1,1,1,1,0,0,0,0,


#1,9,8,8,
1,1,1,0,0,1,1,1,
1,1,1,0,0,1,1,1,
1,1,1,0,0,1,1,1,
1,1,1,0,0,1,1,1,
1,1,1,0,0,1,1,1,
1,1,1,0,0,1,1,1,
1,1,1,0,0,1,1,1,
1,1,1,0,0,1,1,1,

#1,10,8,8,
0,0,1,1,1,1,0,0,
0,0,1,1,1,1,0,0,
0,0,1,1,1,1,0,0,
0,0,1,1,1,1,0,0,
0,0,1,1,1,1,0,0,
0,0,1,1,1,1,0,0,
0,0,1,1,1,1,0,0,
0,0,1,1,1,1,0,0,

#1,11,8,8,
1,1,1,1,1,1,1,1,
1,1,1,1,1,1,1,1,
1,1,1,1,1,1,1,1,
0,0,0,0,0,0,0,0,
0,0,0,0,0,0,0,0,
1,1,1,1,1,1,1,1,
1,1,1,1,1,1,1,1,
1,1,1,1,1,1,1,1,

#1,12,8,8,
0,0,0,0,0,0,0,0,
0,0,0,0,0,0,0,0,
1,1,1,1,1,1,1,1,
1,1,1,1,1,1,1,1,
1,1,1,1,1,1,1,1,
1,1,1,1,1,1,1,1,
0,0,0,0,0,0,0,0,
0,0,0,0,0,0,0,0,

#1,13,8,8,
1,1,1,0,0,1,1,1,
1,1,1,0,0,1,1,1,
1,1,1,0,0,1,1,1,
0,0,0,0,0,0,0,0,
0,0,0,0,0,0,0,0,
1,1,1,0,0,1,1,1,
1,1,1,0,0,1,1,1,
1,1,1,0,0,1,1,1,

#1,14,8,8,
0,0,1,1,1,1,0,0,
0,0,1,1,1,1,0,0,
1,1,1,1,1,1,1,1,
1,1,1,1,1,1,1,1,
1,1,1,1,1,1,1,1,
1,1,1,1,1,1,1,1,
0,0,1,1,1,1,0,0,
0,0,1,1,1,1,0,0,



#1,15,8,8,
1,1,1,1,1,1,0,0,
1,1,1,1,1,0,0,0,
1,1,1,1,0,0,0,1,
1,1,1,0,0,0,1,1,
1,1,0,0,0,1,1,1,
1,0,0,0,1,1,1,1,
0,0,0,1,1,1,1,1,
0,0,1,1,1,1,1,1,

#1,16,8,8,
0,0,1,1,1,1,1,1,
0,0,0,1,1,1,1,1,
1,0,0,0,1,1,1,1,
1,1,0,0,0,1,1,1,
1,1,1,0,0,0,1,1,
1,1,1,1,0,0,0,1,
1,1,1,1,1,0,0,0,
1,1,1,1,1,1,0,0,

#1,17,8,8,
1,0,0,0,0,0,0,0,
1,1,0,0,0,0,0,0,
1,1,1,0,0,0,0,0,
1,1,1,1,0,0,0,0,
1,1,1,1,1,0,0,0,
1,1,1,1,1,1,0,0,
1,1,1,1,1,1,1,0,
1,1,1,1,1,1,1,1,

#1,18,8,8,
1,1,1,1,1,1,1,1,
0,1,1,1,1,1,1,1,
0,0,1,1,1,1,1,1,
0,0,0,1,1,1,1,1,
0,0,0,0,1,1,1,1,
0,0,0,0,0,1,1,1,
0,0,0,0,0,0,1,1,
0,0,0,0,0,0,0,1,

#1,19,8,8,
0,1,1,1,1,1,1,0,
0,0,1,1,1,1,0,0,
1,0,0,1,1,0,0,1,
1,1,0,0,0,0,1,1,
1,1,0,0,0,0,1,1,
1,0,0,1,1,0,0,1,
0,0,1,1,1,1,0,0,
0,1,1,1,1,1,1,0,

#1,20,8,8,
1,1,0,1,1,0,1,1,
1,1,0,1,1,0,1,1,
0,0,0,0,0,0,0,0,
1,1,0,1,1,0,1,1,
1,1,0,1,1,0,1,1,
0,0,0,0,0,0,0,0,
1,1,0,1,1,0,1,1,
1,1,0,1,1,0,1,1,

#1,21,8,8,
1,0,1,0,1,0,1,0,
0,1,0,1,0,1,0,1,
1,0,1,0,1,0,1,0,
0,1,0,1,0,1,0,1,
1,0,1,0,1,0,1,0,
0,1,0,1,0,1,0,1,
1,0,1,0,1,0,1,0,
0,1,0,1,0,1,0,1,

#1,22,8,8,
0,0,0,1,1,0,0,0,
0,0,1,1,1,1,0,0,
0,1,1,1,1,1,1,0,
1,1,1,1,1,1,1,1,
1,1,1,1,1,1,1,1,
0,1,1,1,1,1,1,0,
0,0,1,1,1,1,0,0,
0,0,0,1,1,0,0,0,

#1,23,8,8,
0,0,0,0,0,0,0,1,
0,0,0,0,0,0,1,1,
0,0,0,0,0,1,1,1,
0,0,0,0,1,1,1,1,
0,0,0,1,1,1,1,1,
0,0,1,1,1,1,1,1,
0,1,1,1,1,1,1,1,
1,1,1,1,1,1,1,1,

#1,24,8,8,
1,1,1,1,1,1,1,1,
1,1,1,1,1,1,1,0,
1,1,1,1,1,1,0,0,
1,1,1,1,1,0,0,0,
1,1,1,1,0,0,0,0,
1,1,1,0,0,0,0,0,
1,1,0,0,0,0,0,0,
1,0,0,0,0,0,0,0,

#1,25,8,8,
1,1,1,1,1,1,1,1,
1,1,1,1,1,1,1,1,
1,1,1,0,0,1,1,1,
1,1,0,0,0,0,1,1,
1,1,0,0,0,0,1,1,
1,1,1,0,0,1,1,1,
1,1,1,1,1,1,1,1,
1,1,1,1,1,1,1,1,

#1,26,8,8,
0,1,0,1,0,1,0,1,
1,1,1,1,1,1,1,1,
0,1,0,1,0,1,0,1,
1,1,1,1,1,1,1,1,
0,1,0,1,0,1,0,1,
1,1,1,1,1,1,1,1,
0,1,0,1,0,1,0,1,
1,1,1,1,1,1,1,1,



#2,1,10,10
1,1,1,1,1,1,1,1,1,1,
1,1,1,1,1,1,1,1,1,1,
1,1,0,0,0,0,0,0,1,1,
1,1,0,0,0,0,0,0,1,1,
1,1,0,0,0,0,0,0,1,1,
1,1,0,0,0,0,0,0,1,1,
1,1,0,0,0,0,0,0,1,1,
1,1,0,0,0,0,0,0,1,1,
1,1,1,1,1,1,1,1,1,1,
1,1,1,1,1,1,1,1,1,1,

#2,2,10,10
1,1,1,0,0,0,0,1,1,1,
1,1,1,0,0,0,0,1,1,1,
1,1,1,0,0,0,0,1,1,1,
0,0,0,1,1,1,1,0,0,0,
0,0,0,1,1,1,1,0,0,0,
0,0,0,1,1,1,1,0,0,0,
0,0,0,1,1,1,1,0,0,0,
1,1,1,0,0,0,0,1,1,1,
1,1,1,0,0,0,0,1,1,1,
1,1,1,0,0,0,0,1,1,1,

#2,3,10,10
0,0,0,1,1,1,1,0,0,0,
0,0,0,1,1,1,1,0,0,0,
0,0,0,1,1,1,1,0,0,0,
1,1,1,0,0,0,0,1,1,1,
1,1,1,0,0,0,0,1,1,1,
1,1,1,0,0,0,0,1,1,1,
1,1,1,0,0,0,0,1,1,1,
0,0,0,1,1,1,1,0,0,0,
0,0,0,1,1,1,1,0,0,0,
0,0,0,1,1,1,1,0,0,0,

#2,4,10,10
0,0,0,0,0,0,0,0,0,0,
0,0,0,0,0,0,0,0,0,0,
0,0,1,1,1,1,1,1,0,0,
0,0,1,1,1,1,1,1,0,0,
0,0,1,1,1,1,1,1,0,0,
0,0,1,1,1,1,1,1,0,0,
0,0,1,1,1,1,1,1,0,0,
0,0,1,1,1,1,1,1,0,0,
0,0,0,0,0,0,0,0,0,0,
0,0,0,0,0,0,0,0,0,0,

#2,5,10,10
0,0,0,0,1,1,0,0,0,0,
0,0,0,0,1,1,0,0,0,0,
0,0,0,1,1,1,1,0,0,0,
0,0,1,1,1,1,1,1,0,0,
1,1,1,1,1,1,1,1,1,1,
1,1,1,1,1,1,1,1,1,1,
0,0,1,1,1,1,1,1,0,0,
0,0,0,1,1,1,1,0,0,0,
0,0,0,0,1,1,0,0,0,0,
0,0,0,0,1,1,0,0,0,0,

#2,6,10,10
1,1,1,1,1,1,1,1,1,1,
1,1,1,1,0,0,1,1,1,1,
1,1,1,0,0,0,0,1,1,1,
1,1,0,0,0,0,0,0,1,1,
1,0,0,0,0,0,0,0,0,1,
1,0,0,0,0,0,0,0,0,1,
1,1,0,0,0,0,0,0,1,1,
1,1,1,0,0,0,0,1,1,1,
1,1,1,1,0,0,1,1,1,1,
1,1,1,1,1,1,1,1,1,1,

#2,7,10,10
1,1,1,1,1,0,0,0,0,0,
1,1,1,1,1,1,0,0,0,0,
1,1,1,1,1,1,1,0,0,0,
1,1,1,1,1,1,1,1,0,0,
1,1,1,1,1,1,1,1,1,0,
0,1,1,1,1,1,1,1,1,1,
0,0,1,1,1,1,1,1,1,1,
0,0,0,1,1,1,1,1,1,1,
0,0,0,0,1,1,1,1,1,1,
0,0,0,0,0,1,1,1,1,1,

#2,8,10,10
0,0,0,0,0,1,1,1,1,1,
0,0,0,0,1,1,1,1,1,1,
0,0,0,1,1,1,1,1,1,1,
0,0,1,1,1,1,1,1,1,1,
0,1,1,1,1,1,1,1,1,1,
1,1,1,1,1,1,1,1,1,0,
1,1,1,1,1,1,1,1,0,0,
1,1,1,1,1,1,1,0,0,0,
1,1,1,1,1,1,0,0,0,0,
1,1,1,1,1,0,0,0,0,0,

#2,9,10,10
1,1,1,0,0,0,0,1,1,1,
1,1,1,0,0,0,0,1,1,1,
1,1,1,0,0,0,0,1,1,1,
1,1,1,0,0,0,0,1,1,1,
1,1,1,0,0,0,0,1,1,1,
1,1,1,0,0,0,0,1,1,1,
1,1,1,0,0,0,0,1,1,1,
1,1,1,0,0,0,0,1,1,1,
1,1,1,0,0,0,0,1,1,1,
1,1,1,0,0,0,0,1,1,1,

#2,10,10,10
0,0,0,1,1,1,1,0,0,0,
0,0,0,1,1,1,1,0,0,0,
0,0,0,1,1,1,1,0,0,0,
0,0,0,1,1,1,1,0,0,0,
0,0,0,1,1,1,1,0,0,0,
0,0,0,1,1,1,1,0,0,0,
0,0,0,1,1,1,1,0,0,0,
0,0,0,1,1,1,1,0,0,0,
0,0,0,1,1,1,1,0,0,0,
0,0,0,1,1,1,1,0,0,0,

#2,11,10,10
1,1,1,1,1,1,1,1,1,1,
1,1,1,1,1,1,1,1,1,1,
1,1,1,1,1,1,1,1,1,1,
0,0,0,0,0,0,0,0,0,0,
0,0,0,0,0,0,0,0,0,0,
0,0,0,0,0,0,0,0,0,0,
0,0,0,0,0,0,0,0,0,0,
1,1,1,1,1,1,1,1,1,1,
1,1,1,1,1,1,1,1,1,1,
1,1,1,1,1,1,1,1,1,1,

#2,12,10,10
0,0,0,0,0,0,0,0,0,0,
0,0,0,0,0,0,0,0,0,0,
0,0,0,0,0,0,0,0,0,0,
1,1,1,1,1,1,1,1,1,1,
1,1,1,1,1,1,1,1,1,1,
1,1,1,1,1,1,1,1,1,1,
1,1,1,1,1,1,1,1,1,1,
0,0,0,0,0,0,0,0,0,0,
0,0,0,0,0,0,0,0,0,0,
0,0,0,0,0,0,0,0,0,0,

#2,13,10,10
1,1,1,1,0,0,1,1,1,1,
1,1,1,1,0,0,1,1,1,1,
1,1,1,0,0,0,0,1,1,1,
1,1,0,0,0,0,0,0,1,1,
0,0,0,0,0,0,0,0,0,0,
0,0,0,0,0,0,0,0,0,0,
1,1,0,0,0,0,0,0,1,1,
1,1,1,0,0,0,0,1,1,1,
1,1,1,1,0,0,1,1,1,1,
1,1,1,1,0,0,1,1,1,1,

#2,14,10,10
0,0,0,1,1,1,1,0,0,0,
0,0,0,1,1,1,1,0,0,0,
0,0,0,1,1,1,1,0,0,0,
1,1,1,1,1,1,1,1,1,1,
1,1,1,1,1,1,1,1,1,1,
1,1,1,1,1,1,1,1,1,1,
1,1,1,1,1,1,1,1,1,1,
0,0,0,1,1,1,1,0,0,0,
0,0,0,1,1,1,1,0,0,0,
0,0,0,1,1,1,1,0,0,0,

#2,15,10,10
1,1,1,1,1,1,1,1,0,0,
1,1,1,1,1,1,1,0,0,0,
1,1,1,1,1,1,0,0,0,1,
1,1,1,1,1,0,0,0,1,1,
1,1,1,1,0,0,0,1,1,1,
1,1,1,0,0,0,1,1,1,1,
1,1,0,0,0,1,1,1,1,1,
1,0,0,0,1,1,1,1,1,1,
0,0,0,1,1,1,1,1,1,1,
0,0,1,1,1,1,1,1,1,1,

#2,16,10,10
0,0,1,1,1,1,1,1,1,1,
0,0,0,1,1,1,1,1,1,1,
0,0,0,0,1,1,1,1,1,1,
1,0,0,0,0,1,1,1,1,1,
1,1,0,0,0,0,1,1,1,1,
1,1,1,0,0,0,0,1,1,1,
1,1,1,1,1,0,0,0,1,1,
1,1,1,1,1,1,0,0,0,1,
1,1,1,1,1,1,1,0,0,0,
1,1,1,1,1,1,1,1,0,0,

#2,17,10,10
1,1,0,0,0,0,0,0,0,0,
1,1,1,0,0,0,0,0,0,0,
1,1,1,1,0,0,0,0,0,0,
1,1,1,1,1,0,0,0,0,0,
1,1,1,1,1,1,0,0,0,0,
1,1,1,1,1,1,1,0,0,0,
1,1,1,1,1,1,1,1,0,0,
1,1,1,1,1,1,1,1,1,0,
1,1,1,1,1,1,1,1,1,1,
1,1,1,1,1,1,1,1,1,1,

#2,18,10,10
1,1,1,1,1,1,1,1,1,1,
1,1,1,1,1,1,1,1,1,1,
0,1,1,1,1,1,1,1,1,1,
0,0,1,1,1,1,1,1,1,1,
0,0,0,1,1,1,1,1,1,1,
0,0,0,0,1,1,1,1,1,1,
0,0,0,0,0,1,1,1,1,1,
0,0,0,0,0,0,1,1,1,1,
0,0,0,0,0,0,0,1,1,1,
0,0,0,0,0,0,0,0,1,1,

#2,19,10,10
0,1,1,1,1,1,1,1,1,0,
0,0,1,1,1,1,1,1,0,0,
1,0,0,1,1,1,1,0,0,1,
1,1,0,0,1,1,0,0,1,1,
1,1,1,0,0,0,0,1,1,1,
1,1,1,0,0,0,0,1,1,1,
1,1,0,0,1,1,0,0,1,1,
1,0,0,1,1,1,1,0,0,1,
0,0,1,1,1,1,1,1,0,0,
0,1,1,1,1,1,1,1,1,0,

#2,20,10,10
1,1,1,0,1,1,0,1,1,1,
1,1,1,0,1,1,0,1,1,1,
1,1,1,0,1,1,0,1,1,1,
0,0,0,0,0,0,0,0,0,0,
1,1,1,0,1,1,0,1,1,1,
1,1,1,0,1,1,0,1,1,1,
0,0,0,0,0,0,0,0,0,0,
1,1,1,0,1,1,0,1,1,1,
1,1,1,0,1,1,0,1,1,1,
1,1,1,0,1,1,0,1,1,1,

#2,21,10,10
1,0,1,0,1,0,1,0,1,0,
0,1,0,1,0,1,0,1,0,1,
1,0,1,0,1,0,1,0,1,0,
0,1,0,1,0,1,0,1,0,1,
1,0,1,0,1,0,1,0,1,0,
0,1,0,1,0,1,0,1,0,1,
1,0,1,0,1,0,1,0,1,0,
0,1,0,1,0,1,0,1,0,1,
1,0,1,0,1,0,1,0,1,0,
0,1,0,1,0,1,0,1,0,1,

#2,22,10,10
0,0,0,0,1,1,0,0,0,0,
0,0,0,1,1,1,1,0,0,0,
0,0,1,1,1,1,1,1,0,0,
0,1,1,1,1,1,1,1,1,0,
1,1,1,1,1,1,1,1,1,1,
1,1,1,1,1,1,1,1,1,1,
0,1,1,1,1,1,1,1,1,0,
0,0,1,1,1,1,1,1,0,0,
0,0,0,1,1,1,1,0,0,0,
0,0,0,0,1,1,0,0,0,0,

#2,23,10,10
0,0,0,0,0,0,0,0,1,1,
0,0,0,0,0,0,0,1,1,1,
0,0,0,0,0,0,1,1,1,1,
0,0,0,0,0,1,1,1,1,1,
0,0,0,0,1,1,1,1,1,1,
0,0,0,1,1,1,1,1,1,1,
0,0,1,1,1,1,1,1,1,1,
0,1,1,1,1,1,1,1,1,1,
1,1,1,1,1,1,1,1,1,1,
1,1,1,1,1,1,1,1,1,1,

#2,24,10,10
1,1,1,1,1,1,1,1,1,1,
1,1,1,1,1,1,1,1,1,1,
1,1,1,1,1,1,1,1,1,0,
1,1,1,1,1,1,1,1,0,0,
1,1,1,1,1,1,1,0,0,0,
1,1,1,1,1,1,0,0,0,0,
1,1,1,1,1,0,0,0,0,0,
1,1,1,1,0,0,0,0,0,0,
1,1,1,0,0,0,0,0,0,0,
1,1,0,0,0,0,0,0,0,0,

#2,25,10,10
1,1,1,1,1,1,1,1,1,1,
1,1,1,1,1,1,1,1,1,1,
1,1,1,1,0,0,1,1,1,1,
1,1,1,0,0,0,0,1,1,1,
1,1,0,0,0,0,0,0,1,1,
1,1,0,0,0,0,0,0,1,1,
1,1,1,0,0,0,0,1,1,1,
1,1,1,1,0,0,1,1,1,1,
1,1,1,1,1,1,1,1,1,1,
1,1,1,1,1,1,1,1,1,1,

#2,26,10,10
1,0,1,0,1,0,1,0,1,0,
1,1,1,1,1,1,1,1,1,1,
1,0,1,0,1,0,1,0,1,0,
1,1,1,1,1,1,1,1,1,1,
1,0,1,0,1,0,1,0,1,0,
1,1,1,1,1,1,1,1,1,1,
1,0,1,0,1,0,1,0,1,0,
1,1,1,1,1,1,1,1,1,1,
1,0,1,0,1,0,1,0,1,0,
1,1,1,1,1,1,1,1,1,0,


#3,1,14,14,
1,1,1,1,1,1,1,1,1,1,1,1,1,1,
1,1,1,1,1,1,1,1,1,1,1,1,1,1,
1,1,1,1,1,1,1,1,1,1,1,1,1,1,
1,1,1,0,0,0,0,0,0,0,0,1,1,1,
1,1,1,0,0,0,0,0,0,0,0,1,1,1,
1,1,1,0,0,0,0,0,0,0,0,1,1,1,
1,1,1,0,0,0,0,0,0,0,0,1,1,1,
1,1,1,0,0,0,0,0,0,0,0,1,1,1,
1,1,1,0,0,0,0,0,0,0,0,1,1,1,
1,1,1,0,0,0,0,0,0,0,0,1,1,1,
1,1,1,0,0,0,0,0,0,0,0,1,1,1,
1,1,1,1,1,1,1,1,1,1,1,1,1,1,
1,1,1,1,1,1,1,1,1,1,1,1,1,1,
1,1,1,1,1,1,1,1,1,1,1,1,1,1,

#3,2,14,14,
0,0,0,1,1,1,1,1,1,1,1,0,0,0,
0,0,0,1,1,1,1,1,1,1,1,0,0,0,
0,0,0,1,1,1,1,1,1,1,1,0,0,0,
1,1,1,0,0,0,0,0,0,0,0,1,1,1,
1,1,1,0,0,0,0,0,0,0,0,1,1,1,
1,1,1,0,0,0,0,0,0,0,0,1,1,1,
1,1,1,0,0,0,0,0,0,0,0,1,1,1,
1,1,1,0,0,0,0,0,0,0,0,1,1,1,
1,1,1,0,0,0,0,0,0,0,0,1,1,1,
1,1,1,0,0,0,0,0,0,0,0,1,1,1,
1,1,1,0,0,0,0,0,0,0,0,1,1,1,
0,0,0,1,1,1,1,1,1,1,1,0,0,0,
0,0,0,1,1,1,1,1,1,1,1,0,0,0,
0,0,0,1,1,1,1,1,1,1,1,0,0,0,

#3,3,14,14,
0,0,0,0,0,0,1,1,0,0,0,0,0,0,
0,0,0,0,0,0,1,1,0,0,0,0,0,0,
0,0,0,0,0,0,1,1,0,0,0,0,0,0,
0,0,0,0,0,1,1,1,1,0,0,0,0,0,
0,0,0,0,0,1,1,1,1,0,0,0,0,0,
0,0,0,1,1,1,1,1,1,1,1,0,0,0,
1,1,1,1,1,1,1,1,1,1,1,1,1,1,
1,1,1,1,1,1,1,1,1,1,1,1,1,1,
0,0,0,1,1,1,1,1,1,1,1,0,0,0,
0,0,0,0,0,1,1,1,1,0,0,0,0,0,
0,0,0,0,0,1,1,1,1,0,0,0,0,0,
0,0,0,0,0,0,1,1,0,0,0,0,0,0,
0,0,0,0,0,0,1,1,0,0,0,0,0,0,
0,0,0,0,0,0,1,1,0,0,0,0,0,0,

#3,4,14,14,
0,0,0,0,0,0,0,0,0,0,0,0,0,0,
0,0,0,0,0,0,0,0,0,0,0,0,0,0,
0,0,0,0,0,0,0,0,0,0,0,0,0,0,
0,0,0,0,0,0,0,0,0,0,0,0,0,0,
0,0,0,0,1,1,1,1,1,1,0,0,0,0,
0,0,0,0,1,1,1,1,1,1,0,0,0,0,
0,0,0,0,1,1,1,1,1,1,0,0,0,0,
0,0,0,0,1,1,1,1,1,1,0,0,0,0,
0,0,0,0,1,1,1,1,1,1,0,0,0,0,
0,0,0,0,1,1,1,1,1,1,0,0,0,0,
0,0,0,0,0,0,0,0,0,0,0,0,0,0,
0,0,0,0,0,0,0,0,0,0,0,0,0,0,
0,0,0,0,0,0,0,0,0,0,0,0,0,0,
0,0,0,0,0,0,0,0,0,0,0,0,0,0,

#3,5,14,14,
1,1,1,1,1,1,0,0,1,1,1,1,1,1,
1,1,1,1,1,1,0,0,1,1,1,1,1,1,
1,1,1,1,1,1,0,0,1,1,1,1,1,1,
1,1,1,1,1,0,0,0,0,1,1,1,1,1,
1,1,1,1,1,0,0,0,0,1,1,1,1,1,
1,1,1,0,0,0,0,0,0,0,0,1,1,1,
0,0,0,0,0,0,0,0,0,0,0,0,0,0,
0,0,0,0,0,0,0,0,0,0,0,0,0,0,
1,1,1,0,0,0,0,0,0,0,0,1,1,1,
1,1,1,1,1,0,0,0,0,1,1,1,1,1,
1,1,1,1,1,0,0,0,0,1,1,1,1,1,
1,1,1,1,1,1,0,0,1,1,1,1,1,1,
1,1,1,1,1,1,0,0,1,1,1,1,1,1,
1,1,1,1,1,1,0,0,1,1,1,1,1,1,

#3,6,14,14,
1,1,1,1,1,1,1,1,1,1,1,1,1,1,
1,1,1,1,1,1,1,1,1,1,1,1,1,1,
1,1,1,1,1,0,0,0,0,1,1,1,1,1,
1,1,1,1,0,0,0,0,0,0,1,1,1,1,
1,1,1,0,0,0,0,0,0,0,0,1,1,1,
1,1,0,0,0,0,0,0,0,0,0,0,1,1,
1,1,0,0,0,0,0,0,0,0,0,0,1,1,
1,1,0,0,0,0,0,0,0,0,0,0,1,1,
1,1,0,0,0,0,0,0,0,0,0,0,1,1,
1,1,1,0,0,0,0,0,0,0,0,1,1,1,
1,1,1,1,0,0,0,0,0,0,1,1,1,1,
1,1,1,1,1,0,0,0,0,1,1,1,1,1,
1,1,1,1,1,1,1,1,1,1,1,1,1,1,
1,1,1,1,1,1,1,1,1,1,1,1,1,1,


#3,7,14,14,
1,1,1,1,0,0,0,0,0,0,1,1,1,1,
1,1,1,1,0,0,0,0,0,0,1,1,1,1,
1,1,1,1,0,0,0,0,0,0,1,1,1,1,
1,1,1,1,0,0,0,0,0,0,1,1,1,1,
1,1,1,1,0,0,0,0,0,0,1,1,1,1,
1,1,1,1,0,0,0,0,0,0,1,1,1,1,
1,1,1,1,0,0,0,0,0,0,1,1,1,1,
1,1,1,1,0,0,0,0,0,0,1,1,1,1,
1,1,1,1,0,0,0,0,0,0,1,1,1,1,
1,1,1,1,0,0,0,0,0,0,1,1,1,1,
1,1,1,1,0,0,0,0,0,0,1,1,1,1,
1,1,1,1,0,0,0,0,0,0,1,1,1,1,
1,1,1,1,0,0,0,0,0,0,1,1,1,1,
1,1,1,1,0,0,0,0,0,0,1,1,1,1,

#3,8,14,14,
0,0,0,0,1,1,1,1,1,1,0,0,0,0,
0,0,0,0,1,1,1,1,1,1,0,0,0,0,
0,0,0,0,1,1,1,1,1,1,0,0,0,0,
0,0,0,0,1,1,1,1,1,1,0,0,0,0,
0,0,0,0,1,1,1,1,1,1,0,0,0,0,
0,0,0,0,1,1,1,1,1,1,0,0,0,0,
0,0,0,0,1,1,1,1,1,1,0,0,0,0,
0,0,0,0,1,1,1,1,1,1,0,0,0,0,
0,0,0,0,1,1,1,1,1,1,0,0,0,0,
0,0,0,0,1,1,1,1,1,1,0,0,0,0,
0,0,0,0,1,1,1,1,1,1,0,0,0,0,
0,0,0,0,1,1,1,1,1,1,0,0,0,0,
0,0,0,0,1,1,1,1,1,1,0,0,0,0,
0,0,0,0,1,1,1,1,1,1,0,0,0,0,

#3,9,14,14,
1,1,1,1,1,1,1,1,1,1,1,1,1,1,
1,1,1,1,1,1,1,1,1,1,1,1,1,1,
1,1,1,1,1,1,1,1,1,1,1,1,1,1,
1,1,1,1,1,1,1,1,1,1,1,1,1,1,
0,0,0,0,0,0,0,0,0,0,0,0,0,0,
0,0,0,0,0,0,0,0,0,0,0,0,0,0,
0,0,0,0,0,0,0,0,0,0,0,0,0,0,
0,0,0,0,0,0,0,0,0,0,0,0,0,0,
0,0,0,0,0,0,0,0,0,0,0,0,0,0,
0,0,0,0,0,0,0,0,0,0,0,0,0,0,
1,1,1,1,1,1,1,1,1,1,1,1,1,1,
1,1,1,1,1,1,1,1,1,1,1,1,1,1,
1,1,1,1,1,1,1,1,1,1,1,1,1,1,
1,1,1,1,1,1,1,1,1,1,1,1,1,1,

#3,10,14,14,
0,0,0,0,0,0,0,0,0,0,0,0,0,0,
0,0,0,0,0,0,0,0,0,0,0,0,0,0,
0,0,0,0,0,0,0,0,0,0,0,0,0,0,
0,0,0,0,0,0,0,0,0,0,0,0,0,0,
1,1,1,1,1,1,1,1,1,1,1,1,1,1,
1,1,1,1,1,1,1,1,1,1,1,1,1,1,
1,1,1,1,1,1,1,1,1,1,1,1,1,1,
1,1,1,1,1,1,1,1,1,1,1,1,1,1,
1,1,1,1,1,1,1,1,1,1,1,1,1,1,
1,1,1,1,1,1,1,1,1,1,1,1,1,1,
0,0,0,0,0,0,0,0,0,0,0,0,0,0,
0,0,0,0,0,0,0,0,0,0,0,0,0,0,
0,0,0,0,0,0,0,0,0,0,0,0,0,0,
0,0,0,0,0,0,0,0,0,0,0,0,0,0,

#3,11,14,14,
1,1,1,1,1,1,1,0,0,0,0,0,0,0,
1,1,1,1,1,1,1,1,0,0,0,0,0,0,
1,1,1,1,1,1,1,1,1,0,0,0,0,0,
1,1,1,1,1,1,1,1,1,1,0,0,0,0,
1,1,1,1,1,1,1,1,1,1,1,0,0,0,
1,1,1,1,1,1,1,1,1,1,1,1,0,0,
1,1,1,1,1,1,1,1,1,1,1,1,1,0,
0,1,1,1,1,1,1,1,1,1,1,1,1,1,
0,0,1,1,1,1,1,1,1,1,1,1,1,1,
0,0,0,1,1,1,1,1,1,1,1,1,1,1,
0,0,0,0,1,1,1,1,1,1,1,1,1,1,
0,0,0,0,0,1,1,1,1,1,1,1,1,1,
0,0,0,0,0,0,1,1,1,1,1,1,1,1,
0,0,0,0,0,0,0,1,1,1,1,1,1,1,

#3,12,14,14,
0,0,0,0,0,0,0,1,1,1,1,1,1,1,
0,0,0,0,0,0,1,1,1,1,1,1,1,1,
0,0,0,0,0,1,1,1,1,1,1,1,1,1,
0,0,0,0,1,1,1,1,1,1,1,1,1,1,
0,0,0,1,1,1,1,1,1,1,1,1,1,1,
0,0,1,1,1,1,1,1,1,1,1,1,1,1,
0,1,1,1,1,1,1,1,1,1,1,1,1,1,
1,1,1,1,1,1,1,1,1,1,1,1,1,0,
1,1,1,1,1,1,1,1,1,1,1,1,0,0,
1,1,1,1,1,1,1,1,1,1,1,0,0,0,
1,1,1,1,1,1,1,1,1,1,0,0,0,0,
1,1,1,1,1,1,1,1,1,0,0,0,0,0,
1,1,1,1,1,1,1,1,0,0,0,0,0,0,
1,1,1,1,1,1,1,0,0,0,0,0,0,0,



#3,13,14,14,
1,1,1,1,1,0,0,0,0,1,1,1,1,1,
1,1,1,1,1,0,0,0,0,1,1,1,1,1,
1,1,1,1,1,0,0,0,0,1,1,1,1,1,
1,1,1,1,1,0,0,0,0,1,1,1,1,1,
1,1,1,1,1,1,1,1,1,1,1,1,1,1,
0,0,0,0,1,1,1,1,1,1,0,0,0,0,
0,0,0,0,1,1,1,1,1,1,0,0,0,0,
0,0,0,0,1,1,1,1,1,1,0,0,0,0,
0,0,0,0,1,1,1,1,1,1,0,0,0,0,
1,1,1,1,1,1,1,1,1,1,1,1,1,1,
1,1,1,1,1,0,0,0,0,1,1,1,1,1,
1,1,1,1,1,0,0,0,0,1,1,1,1,1,
1,1,1,1,1,0,0,0,0,1,1,1,1,1,
1,1,1,1,1,0,0,0,0,1,1,1,1,1,

#3,14,14,14,
0,0,0,0,1,1,1,1,1,1,0,0,0,0,
0,0,0,0,1,1,1,1,1,1,0,0,0,0,
0,0,0,0,1,1,1,1,1,1,0,0,0,0,
0,0,0,0,1,1,1,1,1,1,0,0,0,0,
1,1,1,1,1,1,1,1,1,1,1,1,1,1,
1,1,1,1,1,1,1,1,1,1,1,1,1,1,
1,1,1,1,1,1,1,1,1,1,1,1,1,1,
1,1,1,1,1,1,1,1,1,1,1,1,1,1,
1,1,1,1,1,1,1,1,1,1,1,1,1,1,
1,1,1,1,1,1,1,1,1,1,1,1,1,1,
0,0,0,0,1,1,1,1,1,1,0,0,0,0,
0,0,0,0,1,1,1,1,1,1,0,0,0,0,
0,0,0,0,1,1,1,1,1,1,0,0,0,0,
0,0,0,0,1,1,1,1,1,1,0,0,0,0,


#3,15,14,14,
1,1,0,0,0,0,0,0,0,0,0,0,0,0,
1,1,1,0,0,0,0,0,0,0,0,0,0,0,
1,1,1,1,0,0,0,0,0,0,0,0,0,0,
1,1,1,1,1,0,0,0,0,0,0,0,0,0,
1,1,1,1,1,1,0,0,0,0,0,0,0,0,
1,1,1,1,1,1,1,0,0,0,0,0,0,0,
1,1,1,1,1,1,1,1,0,0,0,0,0,0,
1,1,1,1,1,1,1,1,1,0,0,0,0,0,
1,1,1,1,1,1,1,1,1,1,0,0,0,0,
1,1,1,1,1,1,1,1,1,1,1,0,0,0,
1,1,1,1,1,1,1,1,1,1,1,1,0,0,
1,1,1,1,1,1,1,1,1,1,1,1,1,0,
1,1,1,1,1,1,1,1,1,1,1,1,1,1,
1,1,1,1,1,1,1,1,1,1,1,1,1,1,

#3,16,14,14,
1,1,1,1,1,1,1,1,1,1,1,1,1,1,
1,1,1,1,1,1,1,1,1,1,1,1,1,1,
0,1,1,1,1,1,1,1,1,1,1,1,1,1,
0,0,1,1,1,1,1,1,1,1,1,1,1,1,
0,0,0,1,1,1,1,1,1,1,1,1,1,1,
0,0,0,0,1,1,1,1,1,1,1,1,1,1,
0,0,0,0,0,1,1,1,1,1,1,1,1,1,
0,0,0,0,0,0,1,1,1,1,1,1,1,1,
0,0,0,0,0,0,0,1,1,1,1,1,1,1,
0,0,0,0,0,0,0,0,1,1,1,1,1,1,
0,0,0,0,0,0,0,0,0,1,1,1,1,1,
0,0,0,0,0,0,0,0,0,0,1,1,1,1,
0,0,0,0,0,0,0,0,0,0,0,1,1,1,
0,0,0,0,0,0,0,0,0,0,0,0,1,1,

#3,17,14,14,
1,1,1,1,1,1,1,1,1,1,1,1,0,0,
1,1,1,1,1,1,1,1,1,1,1,0,0,0,
1,1,1,1,1,1,1,1,1,1,0,0,0,1,
1,1,1,1,1,1,1,1,1,0,0,0,1,1,
1,1,1,1,1,1,1,1,0,0,0,1,1,1,
1,1,1,1,1,1,1,0,0,0,1,1,1,1,
1,1,1,1,1,1,0,0,0,1,1,1,1,1,
1,1,1,1,1,0,0,0,1,1,1,1,1,1,
1,1,1,1,0,0,0,1,1,1,1,1,1,1,
1,1,1,0,0,0,1,1,1,1,1,1,1,1,
1,1,0,0,0,1,1,1,1,1,1,1,1,1,
1,0,0,0,1,1,1,1,1,1,1,1,1,1,
0,0,0,1,1,1,1,1,1,1,1,1,1,1,
0,0,1,1,1,1,1,1,1,1,1,1,1,1,

#3,18,14,14,
0,0,1,1,1,1,1,1,1,1,1,1,1,1,
0,0,0,1,1,1,1,1,1,1,1,1,1,1,
1,0,0,0,1,1,1,1,1,1,1,1,1,1,
1,1,0,0,0,1,1,1,1,1,1,1,1,1,
1,1,1,0,0,0,1,1,1,1,1,1,1,1,
1,1,1,1,0,0,0,1,1,1,1,1,1,1,
1,1,1,1,1,0,0,0,1,1,1,1,1,1,
1,1,1,1,1,1,0,0,0,1,1,1,1,1,
1,1,1,1,1,1,1,0,0,0,1,1,1,1,
1,1,1,1,1,1,1,1,0,0,0,1,1,1,
1,1,1,1,1,1,1,1,1,0,0,0,1,1,
1,1,1,1,1,1,1,1,1,1,0,0,0,1,
1,1,1,1,1,1,1,1,1,1,1,0,0,0,
1,1,1,1,1,1,1,1,1,1,1,1,0,0,




#3,19,14,14,
0,1,1,1,1,1,1,1,1,1,1,1,1,0,
0,0,1,1,1,1,1,1,1,1,1,1,0,0,
1,0,0,1,1,1,1,1,1,1,1,0,0,1,
1,1,0,0,1,1,1,1,1,1,0,0,1,1,
1,1,1,0,0,1,1,1,1,0,0,1,1,1,
1,1,1,1,0,0,0,0,0,0,1,1,1,1,
1,1,1,1,0,0,0,0,0,0,1,1,1,1,
1,1,1,1,0,0,0,0,0,0,1,1,1,1,
1,1,1,1,0,0,0,0,0,0,1,1,1,1,
1,1,1,0,0,1,1,1,1,0,0,1,1,1,
1,1,0,0,1,1,1,1,1,1,0,0,1,1,
1,0,0,1,1,1,1,1,1,1,1,0,0,1,
0,0,1,1,1,1,1,1,1,1,1,1,0,0,
0,1,1,1,1,1,1,1,1,1,1,1,1,0,

#3,20,14,14,
1,1,1,0,0,1,1,1,1,0,0,1,1,1,
1,1,1,0,0,1,1,1,1,0,0,1,1,1,
1,1,1,0,0,1,1,1,1,0,0,1,1,1,
0,0,0,0,0,0,0,0,0,0,0,0,0,0,
0,0,0,0,0,0,0,0,0,0,0,0,0,0,
1,1,1,0,0,1,1,1,1,0,0,1,1,1,
1,1,1,0,0,1,1,1,1,0,0,1,1,1,
1,1,1,0,0,1,1,1,1,0,0,1,1,1,
1,1,1,0,0,1,1,1,1,0,0,1,1,1,
0,0,0,0,0,0,0,0,0,0,0,0,0,0,
0,0,0,0,0,0,0,0,0,0,0,0,0,0,
1,1,1,0,0,1,1,1,1,0,0,1,1,1,
1,1,1,0,0,1,1,1,1,0,0,1,1,1,
1,1,1,0,0,1,1,1,1,0,0,1,1,1,

#3,21,14,14,
1,0,1,0,1,0,1,0,1,0,1,0,1,0,
0,1,0,1,0,1,0,1,0,1,0,1,0,1,
1,0,1,0,1,0,1,0,1,0,1,0,1,0,
0,1,0,1,0,1,0,1,0,1,0,1,0,1,
1,0,1,0,1,0,1,0,1,0,1,0,1,0,
0,1,0,1,0,1,0,1,0,1,0,1,0,1,
1,0,1,0,1,0,1,0,1,0,1,0,1,0,
0,1,0,1,0,1,0,1,0,1,0,1,0,1,
1,0,1,0,1,0,1,0,1,0,1,0,1,0,
0,1,0,1,0,1,0,1,0,1,0,1,0,1,
1,0,1,0,1,0,1,0,1,0,1,0,1,0,
0,1,0,1,0,1,0,1,0,1,0,1,0,1,
1,0,1,0,1,0,1,0,1,0,1,0,1,0,
0,1,0,1,0,1,0,1,0,1,0,1,0,1,

#3,22,14,14,
0,0,0,0,0,0,1,1,0,0,0,0,0,0,
0,0,0,0,0,1,1,1,1,0,0,0,0,0,
0,0,0,0,1,1,1,1,1,1,0,0,0,0,
0,0,0,1,1,1,1,1,1,1,1,0,0,0,
0,0,1,1,1,1,1,1,1,1,1,1,0,0,
0,1,1,1,1,1,1,1,1,1,1,1,1,0,
1,1,1,1,1,1,1,1,1,1,1,1,1,1,
1,1,1,1,1,1,1,1,1,1,1,1,1,1,
0,1,1,1,1,1,1,1,1,1,1,1,1,0,
0,0,1,1,1,1,1,1,1,1,1,1,0,0,
0,0,0,1,1,1,1,1,1,1,1,0,0,0,
0,0,0,0,1,1,1,1,1,1,0,0,0,0,
0,0,0,0,0,1,1,1,1,0,0,0,0,0,
0,0,0,0,0,0,1,1,0,0,0,0,0,0,


#3,23,14,14,
0,0,0,0,0,0,0,0,0,0,0,0,1,1,
0,0,0,0,0,0,0,0,0,0,0,1,1,1,
0,0,0,0,0,0,0,0,0,0,1,1,1,1,
0,0,0,0,0,0,0,0,0,1,1,1,1,1,
0,0,0,0,0,0,0,0,1,1,1,1,1,1,
0,0,0,0,0,0,0,1,1,1,1,1,1,1,
0,0,0,0,0,0,1,1,1,1,1,1,1,1,
0,0,0,0,0,1,1,1,1,1,1,1,1,1,
0,0,0,0,1,1,1,1,1,1,1,1,1,1,
0,0,0,1,1,1,1,1,1,1,1,1,1,1,
0,0,1,1,1,1,1,1,1,1,1,1,1,1,
0,1,1,1,1,1,1,1,1,1,1,1,1,1,
1,1,1,1,1,1,1,1,1,1,1,1,1,1,
1,1,1,1,1,1,1,1,1,1,1,1,1,1,

#3,24,14,14,
1,1,1,1,1,1,1,1,1,1,1,1,1,1,
1,1,1,1,1,1,1,1,1,1,1,1,1,1,
1,1,1,1,1,1,1,1,1,1,1,1,1,0,
1,1,1,1,1,1,1,1,1,1,1,1,0,0,
1,1,1,1,1,1,1,1,1,1,1,0,0,0,
1,1,1,1,1,1,1,1,1,1,0,0,0,0,
1,1,1,1,1,1,1,1,1,0,0,0,0,0,
1,1,1,1,1,1,1,1,0,0,0,0,0,0,
1,1,1,1,1,1,1,0,0,0,0,0,0,0,
1,1,1,1,1,1,0,0,0,0,0,0,0,0,
1,1,1,1,1,0,0,0,0,0,0,0,0,0,
1,1,1,1,0,0,0,0,0,0,0,0,0,0,
1,1,1,0,0,0,0,0,0,0,0,0,0,0,
1,1,0,0,0,0,0,0,0,0,0,0,0,0,


#3,25,14,14,
1,0,1,0,1,0,1,0,1,0,1,0,1,0,
1,1,1,1,1,1,1,1,1,1,1,1,1,1,
1,0,1,0,1,0,1,0,1,0,1,0,1,0,
1,1,1,1,1,1,1,1,1,1,1,1,1,1,
1,0,1,0,1,0,1,0,1,0,1,0,1,0,
1,1,1,1,1,1,1,1,1,1,1,1,1,1,
1,0,1,0,1,0,1,0,1,0,1,0,1,0,
1,1,1,1,1,1,1,1,1,1,1,1,1,1,
1,0,1,0,1,0,1,0,1,0,1,0,1,0,
1,1,1,1,1,1,1,1,1,1,1,1,1,1,
1,0,1,0,1,0,1,0,1,0,1,0,1,0,
1,1,1,1,1,1,1,1,1,1,1,1,1,1,
1,0,1,0,1,0,1,0,1,0,1,0,1,0,
1,1,1,1,1,1,1,1,1,1,1,1,1,0,

#3,26,14,14,
1,1,1,1,1,1,1,1,1,1,1,1,1,1,
1,1,1,1,1,1,1,1,1,1,1,1,1,1,
1,1,1,1,1,1,1,1,1,1,1,1,1,1,
1,1,1,1,1,1,0,0,1,1,1,1,1,1,
1,1,1,1,1,0,0,0,0,1,1,1,1,1,
1,1,1,1,0,0,0,0,0,0,1,1,1,1,
1,1,1,0,0,0,0,0,0,0,0,1,1,1,
1,1,1,0,0,0,0,0,0,0,0,1,1,1,
1,1,1,1,0,0,0,0,0,0,1,1,1,1,
1,1,1,1,1,0,0,0,0,1,1,1,1,1,
1,1,1,1,1,1,0,0,1,1,1,1,1,1,
1,1,1,1,1,1,1,1,1,1,1,1,1,1,
1,1,1,1,1,1,1,1,1,1,1,1,1,1,
1,1,1,1,1,1,1,1,1,1,1,1,1,1,


#3,27,14,14,
0,0,0,0,1,1,1,1,1,1,0,0,0,0,
0,0,0,1,1,1,1,1,1,1,1,0,0,0,
0,0,1,1,1,1,1,1,1,1,1,1,0,0,
0,1,1,1,1,0,0,0,0,1,1,1,1,0,
1,1,1,1,0,0,0,0,0,0,1,1,1,1,
1,1,1,0,0,0,0,0,0,0,0,1,1,1,
1,1,1,0,0,0,0,0,0,0,0,1,1,1,
1,1,1,0,0,0,0,0,0,0,0,1,1,1,
1,1,1,0,0,0,0,0,0,0,0,1,1,1,
1,1,1,1,0,0,0,0,0,0,1,1,1,1,
0,1,1,1,1,0,0,0,0,1,1,1,1,0,
0,0,1,1,1,1,1,1,1,1,1,1,0,0,
0,0,0,1,1,1,1,1,1,1,1,0,0,0,
0,0,0,0,1,1,1,1,1,1,0,0,0,0,


#3,28,14,14,
1,1,1,1,0,0,0,0,0,0,1,1,1,1,
1,1,1,0,0,0,0,0,0,0,0,1,1,1,
1,1,0,0,0,0,0,0,0,0,0,0,1,1,
1,0,0,0,0,1,1,1,1,0,0,0,0,1,
0,0,0,0,1,1,1,1,1,1,0,0,0,0,
0,0,0,1,1,1,1,1,1,1,1,0,0,0,
0,0,0,1,1,1,1,1,1,1,1,0,0,0,
0,0,0,1,1,1,1,1,1,1,1,0,0,0,
0,0,0,1,1,1,1,1,1,1,1,0,0,0,
0,0,0,0,1,1,1,1,1,1,0,0,0,0,
1,0,0,0,0,1,1,1,1,0,0,0,0,1,
1,1,0,0,0,0,0,0,0,0,0,0,1,1,
1,1,1,0,0,0,0,0,0,0,0,1,1,1,
1,1,1,1,0,0,0,0,0,0,1,1,1,1,


#3,29,14,14,
0,0,0,0,0,0,0,0,0,0,0,0,0,0,
0,0,0,0,0,0,0,0,0,0,0,0,0,0,
0,1,0,1,0,0,1,0,1,0,1,0,1,0,
0,1,0,1,0,0,1,0,1,0,1,0,1,0,
0,1,0,1,0,0,1,0,1,0,1,0,1,0,
0,1,0,1,0,0,1,0,1,0,1,0,1,0,
0,1,0,1,0,0,1,0,1,0,1,0,1,0,
0,1,0,1,0,0,1,0,1,0,1,0,1,0,
0,1,0,1,0,0,1,0,1,0,1,0,1,0,
0,1,0,1,0,0,1,0,1,0,1,0,1,0,
0,1,0,1,0,0,1,0,1,0,1,0,1,0,
0,1,0,1,1,1,0,1,0,0,1,1,1,0,
0,0,0,0,0,0,0,0,0,0,0,0,0,0,
0,0,0,0,0,0,0,0,0,0,0,0,0,0,

#3,30,14,14,
1,1,1,1,1,1,1,1,1,1,1,1,1,1,
1,1,1,1,1,1,1,1,1,1,1,1,1,1,
1,0,1,0,1,1,0,1,0,1,0,1,0,1,
1,0,1,0,1,1,0,1,0,1,0,1,0,1,
1,0,1,0,1,1,0,1,0,1,0,1,0,1,
1,0,1,0,1,1,0,1,0,1,0,1,0,1,
1,0,1,0,1,1,0,1,0,1,0,1,0,1,
1,0,1,0,1,1,0,1,0,1,0,1,0,1,
1,0,1,0,1,1,0,1,0,1,0,1,0,1,
1,0,1,0,1,1,0,1,0,1,0,1,0,1,
1,0,1,0,1,1,0,1,0,1,0,1,0,1,
1,0,1,0,0,0,1,0,1,1,0,0,0,1,
1,1,1,1,1,1,1,1,1,1,1,1,1,1,
1,1,1,1,1,1,1,1,1,1,1,1,1,1,

#3,31,14,14,
0,0,0,1,0,0,0,0,0,0,1,0,0,0,
0,0,1,1,1,0,0,0,0,1,1,1,0,0,
0,1,1,1,1,1,0,0,1,1,1,1,1,0,
1,1,1,1,1,1,1,1,1,1,1,1,1,1,
1,1,1,1,1,1,1,1,1,1,1,1,1,1,
1,1,1,1,1,1,1,1,1,1,1,1,1,1,
1,1,1,1,1,1,1,1,1,1,1,1,1,1,
1,1,1,1,1,1,1,1,1,1,1,1,1,1,
0,1,1,1,1,1,1,1,1,1,1,1,1,0,
0,0,1,1,1,1,1,1,1,1,1,1,0,0,
0,0,0,1,1,1,1,1,1,1,1,0,0,0,
0,0,0,0,1,1,1,1,1,1,0,0,0,0,
0,0,0,0,0,1,1,1,1,0,0,0,0,0,
0,0,0,0,0,0,1,1,0,0,0,0,0,0,

#3,32,14,14,
1,1,1,1,1,1,1,1,1,1,1,1,1,1,
1,1,1,0,1,1,1,1,1,1,0,1,1,1,
1,1,0,0,0,1,1,1,1,0,0,0,1,1,
1,0,0,0,0,0,1,1,0,0,0,0,0,1,
1,0,0,0,0,0,0,0,0,0,0,0,0,1,
1,0,0,0,0,0,0,0,0,0,0,0,0,1,
1,0,0,0,0,0,0,0,0,0,0,0,0,1,
1,0,0,0,0,0,0,0,0,0,0,0,0,1,
1,1,0,0,0,0,0,0,0,0,0,0,1,1,
1,1,1,0,0,0,0,0,0,0,0,1,1,1,
1,1,1,1,0,0,0,0,0,0,1,1,1,1,
1,1,1,1,1,0,0,0,0,1,1,1,1,1,
1,1,1,1,1,1,0,0,1,1,1,1,1,1,
1,1,1,1,1,1,1,1,1,1,1,1,1,1,

#3,33,14,14,
1,1,1,1,1,0,0,0,0,1,1,1,1,1,
1,0,0,0,0,0,0,0,0,0,0,0,0,1,
1,0,1,1,1,1,0,0,1,1,1,1,0,1,
1,0,1,0,0,0,0,0,0,0,0,1,0,1,
1,0,1,0,1,1,1,1,1,1,0,1,0,1,
0,0,1,0,1,0,0,0,0,1,0,1,0,0,
0,0,0,0,1,0,0,0,0,1,0,0,0,0,
0,0,0,0,1,0,0,0,0,1,0,0,0,0,
0,0,1,0,1,0,0,0,0,1,0,1,0,0,
1,0,1,0,1,1,1,1,1,1,0,1,0,1,
1,0,1,0,0,0,0,0,0,0,0,1,0,1,
1,0,1,1,1,1,0,0,1,1,1,1,0,1,
1,0,0,0,0,0,0,0,0,0,0,0,0,1,
1,1,1,1,1,0,0,0,0,1,1,1,1,1,

#3,34,14,14,
0,0,0,0,0,1,1,1,1,0,0,0,0,0,
0,1,1,1,1,1,1,1,1,1,1,1,1,0,
0,1,0,0,0,0,1,1,0,0,0,0,1,0,
0,1,0,1,1,1,1,1,1,1,1,0,1,0,
0,1,0,1,0,0,0,0,0,0,1,0,1,0,
1,1,0,1,0,1,1,1,1,0,1,0,1,1,
1,1,1,1,0,1,1,1,1,0,1,1,1,1,
1,1,1,1,0,1,1,1,1,0,1,1,1,1,
1,1,0,1,0,1,1,1,1,0,1,0,1,1,
0,1,0,1,0,0,0,0,0,0,1,0,1,0,
0,1,0,1,1,1,1,1,1,1,1,0,1,0,
0,1,0,0,0,0,1,1,0,0,0,0,1,0,
0,1,1,1,1,1,1,1,1,1,1,1,1,0,
0,0,0,0,0,1,1,1,1,0,0,0,0,0,


